170427_222949577_Camera_1.jpg -1.7889,0.0250,-1.4811,492.4870,-1880.7770,40.0860
170427_222950577_Camera_1.jpg -1.7909,0.0285,-1.4797,482.5120,-1883.0340,40.0700
170427_222951577_Camera_1.jpg -1.7849,0.0281,-1.4810,472.2790,-1885.3370,40.0770
170427_222952577_Camera_1.jpg -1.7881,0.0250,-1.4853,461.8290,-1887.6610,40.0560
170427_222953577_Camera_1.jpg -1.7872,0.0292,-1.4885,451.0020,-1890.0310,40.0150
170427_222954577_Camera_1.jpg -1.7826,0.0315,-1.4939,439.7710,-1892.4330,39.9820
170427_222955577_Camera_1.jpg -1.7850,0.0306,-1.4947,428.2920,-1894.8380,39.9450
170427_222956577_Camera_1.jpg -1.7813,0.0299,-1.4926,416.7040,-1897.2700,39.9200
170427_222957577_Camera_1.jpg -1.7831,0.0274,-1.4908,405.0750,-1899.7420,39.9210
170427_222958577_Camera_1.jpg -1.7885,0.0247,-1.4986,393.4050,-1902.1880,39.9240
170427_222959577_Camera_1.jpg -1.7878,0.0266,-1.5005,381.6990,-1904.5860,39.9390
170427_223000577_Camera_1.jpg -1.7890,0.0242,-1.4956,370.0150,-1906.9940,39.9590
170427_223001577_Camera_1.jpg -1.7864,0.0240,-1.4905,358.4980,-1909.4290,39.9960
170427_223002577_Camera_1.jpg -1.7808,0.0266,-1.4858,347.3260,-1911.8540,40.0210
170427_223003577_Camera_1.jpg -1.7870,0.0298,-1.4857,336.5720,-1914.2350,40.0590
170427_223004577_Camera_1.jpg -1.7877,0.0327,-1.4948,326.2040,-1916.4710,40.0830
170427_223005577_Camera_1.jpg -1.7928,0.0309,-1.4992,316.1660,-1918.5530,40.1090
170427_223006577_Camera_1.jpg -1.7870,0.0301,-1.4962,306.1570,-1920.6160,40.1540
170427_223007577_Camera_1.jpg -1.7811,0.0296,-1.4906,296.4040,-1922.6670,40.1760
170427_223008577_Camera_1.jpg -1.7867,0.0297,-1.4862,286.9820,-1924.7020,40.1920
170427_223009577_Camera_1.jpg -1.7835,0.0230,-1.4567,278.0930,-1926.6790,40.2320
170427_223010577_Camera_1.jpg -1.7727,0.0021,-1.3037,270.3580,-1928.9240,40.2920
170427_223011577_Camera_1.jpg -1.7813,0.0110,-0.9732,264.4010,-1932.2520,40.3060
170427_223012577_Camera_1.jpg -1.7924,0.0188,-0.6198,260.2420,-1937.1850,40.3210
170427_223013577_Camera_1.jpg -1.7821,0.0098,-0.3097,257.8270,-1943.4030,40.3430
170427_223014577_Camera_1.jpg -1.7857,0.0030,-0.0222,257.3600,-1950.5490,40.3090
170427_223015577_Camera_1.jpg -1.7985,0.0238,0.0528,258.6150,-1958.3200,40.3410
170427_223016577_Camera_1.jpg -1.7981,0.0280,0.0420,260.1330,-1966.7110,40.4020
170427_223017577_Camera_1.jpg -1.7887,0.0244,0.0250,261.6190,-1975.8040,40.4460
170427_223018577_Camera_1.jpg -1.7882,0.0219,0.0329,263.1820,-1985.5970,40.4160
170427_223019577_Camera_1.jpg -1.7882,0.0220,0.0351,264.9230,-1996.0780,40.3800
170427_223020577_Camera_1.jpg -1.7889,0.0230,0.0356,266.7970,-2007.2910,40.3360
170427_223021577_Camera_1.jpg -1.7837,0.0271,0.0399,268.7950,-2019.1160,40.2950
170427_223022577_Camera_1.jpg -1.7854,0.0225,0.0436,270.9050,-2031.3370,40.2540
170427_223023577_Camera_1.jpg -1.7844,0.0281,0.0427,273.1100,-2043.8490,40.2100
170427_223024577_Camera_1.jpg -1.7892,0.0282,0.0346,275.3100,-2056.6460,40.2160
170427_223025576_Camera_1.jpg -1.7904,0.0217,0.0341,277.4400,-2069.6620,40.2480
170427_223026576_Camera_1.jpg -1.7915,0.0217,0.0386,279.6260,-2082.7260,40.3180
170427_223027576_Camera_1.jpg -1.7916,0.0223,0.0413,281.8560,-2095.7150,40.4020
170427_223028576_Camera_1.jpg -1.7914,0.0264,0.0351,284.0620,-2108.5920,40.4820
170427_223029576_Camera_1.jpg -1.7881,0.0276,0.0284,286.1410,-2121.2590,40.5670
170427_223030576_Camera_1.jpg -1.7902,0.0222,0.0278,288.0860,-2133.5890,40.6550
170427_223031576_Camera_1.jpg -1.7888,0.0218,0.0318,290.0160,-2145.5920,40.7240
170427_223032576_Camera_1.jpg -1.7892,0.0228,0.0369,291.9470,-2157.2860,40.7580
170427_223033576_Camera_1.jpg -1.7869,0.0256,0.0423,293.8830,-2168.6130,40.7890
170427_223034576_Camera_1.jpg -1.7912,0.0275,0.0470,295.8340,-2179.6840,40.8000
170427_223035576_Camera_1.jpg -1.7811,0.0240,0.0486,297.8280,-2190.7790,40.7900
170427_223036576_Camera_1.jpg -1.7767,0.0327,0.0361,299.7970,-2201.9550,40.7650
170427_223037576_Camera_1.jpg -1.7820,0.0299,0.0309,301.6270,-2213.1680,40.7130
170427_223038576_Camera_1.jpg -1.7814,0.0296,0.0312,303.4360,-2224.3300,40.6620
170427_223039576_Camera_1.jpg -1.7861,0.0292,0.0318,305.2550,-2235.5090,40.6210
170427_223040576_Camera_1.jpg -1.7839,0.0298,0.0344,307.1000,-2246.7290,40.6000
170427_223041576_Camera_1.jpg -1.7828,0.0250,0.0361,308.9580,-2257.8900,40.5870
170427_223042576_Camera_1.jpg -1.7881,0.0230,0.0365,310.8020,-2268.8990,40.5510
170427_223043576_Camera_1.jpg -1.7798,0.0277,0.0353,312.6510,-2279.9360,40.5210
170427_223044576_Camera_1.jpg -1.7827,0.0275,0.0348,314.4870,-2290.9760,40.4850
170427_223045576_Camera_1.jpg -1.7756,0.0290,0.0358,316.3170,-2301.9560,40.4640
170427_223046576_Camera_1.jpg -1.7853,0.0280,0.0332,318.1320,-2312.8630,40.4450
170427_223047576_Camera_1.jpg -1.7866,0.0277,0.0428,319.9400,-2323.6390,40.4520
170427_223048576_Camera_1.jpg -1.7908,0.0226,0.0423,321.8020,-2334.1750,40.4910
170427_223049576_Camera_1.jpg -1.7848,0.0271,0.0284,323.5830,-2344.7150,40.5160
170427_223050576_Camera_1.jpg -1.7911,0.0227,0.0283,325.2410,-2355.2470,40.5250
170427_223051576_Camera_1.jpg -1.7912,0.0284,0.0380,327.0320,-2366.0660,40.5550
170427_223052576_Camera_1.jpg -1.7935,0.0256,0.0386,328.9320,-2377.2250,40.5920
170427_223053576_Camera_1.jpg -1.7925,0.0217,0.0358,330.8850,-2388.7700,40.6210
170427_223054576_Camera_1.jpg -1.7903,0.0259,0.0333,332.8810,-2400.7230,40.6460
170427_223055576_Camera_1.jpg -1.7825,0.0298,0.0299,334.9040,-2413.0340,40.6760
170427_223056576_Camera_1.jpg -1.7887,0.0294,0.0277,336.9360,-2425.6750,40.6830
170427_223057576_Camera_1.jpg -1.7847,0.0260,0.0345,339.0250,-2438.6850,40.6670
170427_223058576_Camera_1.jpg -1.7823,0.0245,0.0441,341.2780,-2451.8820,40.6520
170427_223059576_Camera_1.jpg -1.7816,0.0300,0.0395,343.5910,-2464.9870,40.6020
170427_223100576_Camera_1.jpg -1.7791,0.0287,0.0400,345.8150,-2478.0300,40.5440
170427_223101576_Camera_1.jpg -1.7817,0.0306,0.0400,348.0220,-2490.8540,40.4730
170427_223102576_Camera_1.jpg -1.7744,0.0278,0.0391,350.1790,-2503.4400,40.4220
170427_223103576_Camera_1.jpg -1.7812,0.0296,0.0349,352.2680,-2515.8090,40.3170
170427_223104576_Camera_1.jpg -1.7771,0.0300,0.0327,354.2710,-2527.9070,40.2540
170427_223105576_Camera_1.jpg -1.7810,0.0302,0.0321,356.1940,-2539.6820,40.1830
170427_223106576_Camera_1.jpg -1.7813,0.0288,0.0330,358.0170,-2550.8410,40.1340
170427_223107576_Camera_1.jpg -1.7773,0.0311,0.0319,359.7280,-2561.2470,40.1020
170427_223108576_Camera_1.jpg -1.7746,0.0292,0.0294,361.2830,-2570.8310,40.0650
170427_223109576_Camera_1.jpg -1.7800,0.0363,0.0258,362.6760,-2579.4470,40.0330
170427_223110576_Camera_1.jpg -1.7848,0.0278,0.0374,363.8540,-2586.9190,40.0430
170427_223111576_Camera_1.jpg -1.7866,0.0196,0.1256,365.0180,-2593.0410,40.0710
170427_223112576_Camera_1.jpg -1.7818,0.0185,0.3414,366.6760,-2598.0080,40.1400
170427_223113576_Camera_1.jpg -1.8077,0.0244,0.5895,369.3360,-2602.2240,40.1550
170427_223114576_Camera_1.jpg -1.7955,0.0231,0.8668,373.1000,-2605.7890,40.2600
170427_223115576_Camera_1.jpg -1.7995,0.0358,1.1653,377.9580,-2608.1210,40.2910
170427_223116576_Camera_1.jpg -1.7880,0.0132,1.4002,383.8650,-2609.2350,40.3330
170427_223117576_Camera_1.jpg -1.7942,0.0134,1.5701,390.6490,-2609.0100,40.3510
170427_223118576_Camera_1.jpg -1.7949,0.0255,1.6585,398.1560,-2607.6360,40.3620
170427_223119576_Camera_1.jpg -1.7938,0.0278,1.6623,406.4620,-2605.7490,40.3980
170427_223120576_Camera_1.jpg -1.7910,0.0334,1.6157,415.5170,-2603.8480,40.4420
170427_223121576_Camera_1.jpg -1.7921,0.0292,1.5679,425.2150,-2602.3470,40.4690
170427_223122576_Camera_1.jpg -1.7884,0.0208,1.5795,435.6450,-2601.0340,40.4800
170427_223123576_Camera_1.jpg -1.7854,0.0263,1.6026,446.6060,-2599.3510,40.4810
170427_223124576_Camera_1.jpg -1.7861,0.0209,1.6218,458.0560,-2597.4050,40.4750
170427_223125576_Camera_1.jpg -1.7879,0.0262,1.6193,469.8390,-2595.2200,40.4360
170427_223126576_Camera_1.jpg -1.7822,0.0265,1.6159,481.9310,-2593.0770,40.3930
170427_223127576_Camera_1.jpg -1.7635,0.0227,1.6198,494.0670,-2590.9350,40.3810
170427_223128576_Camera_1.jpg -1.7721,0.0264,1.6141,505.9960,-2588.7960,40.2900
170427_223129575_Camera_1.jpg -1.7722,0.0222,1.6147,517.7560,-2586.7600,40.2150
170427_223130575_Camera_1.jpg -1.7844,0.0245,1.6166,529.5240,-2584.6700,40.1120
170427_223131575_Camera_1.jpg -1.7781,0.0278,1.6100,541.4250,-2582.5950,40.0260
170427_223132575_Camera_1.jpg -1.7713,0.0235,1.6178,553.3110,-2580.5480,39.9690
170427_223133575_Camera_1.jpg -1.7697,0.0253,1.6263,564.4070,-2578.5300,39.9090
170427_223134575_Camera_1.jpg -1.7732,0.0318,1.6335,574.0300,-2576.6940,39.8480
170427_223135575_Camera_1.jpg -1.7802,0.0128,1.6976,582.0590,-2575.0350,39.8050
170427_223136575_Camera_1.jpg -1.7740,0.0265,1.9057,589.1780,-2572.6100,39.7710
170427_223137575_Camera_1.jpg -1.7740,0.0157,2.1676,595.4520,-2568.6610,39.7000
170427_223138575_Camera_1.jpg -1.7828,0.0065,2.4541,600.6490,-2562.9280,39.6250
170427_223139575_Camera_1.jpg -1.7788,0.0069,2.7625,604.0170,-2555.5590,39.6050
170427_223140575_Camera_1.jpg -1.7896,0.0205,2.8342,605.7910,-2547.0900,39.5750
170427_223141575_Camera_1.jpg -1.7840,0.0286,2.8552,607.2990,-2538.0590,39.5470
170427_223142575_Camera_1.jpg -1.7869,0.0249,2.8522,608.7820,-2528.6970,39.5260
170427_223143575_Camera_1.jpg -1.7927,0.0151,2.8477,610.3900,-2519.1970,39.5640
170427_223144575_Camera_1.jpg -1.7974,0.0167,2.8696,611.9300,-2509.3290,39.6240
170427_223145575_Camera_1.jpg -1.8006,0.0071,2.8736,613.3770,-2499.1620,39.6960
170427_223146575_Camera_1.jpg -1.7915,0.0177,2.8846,614.7400,-2488.9480,39.8150
170427_223147575_Camera_1.jpg -1.7923,0.0153,2.8963,615.9950,-2478.8090,39.8980
170427_223148575_Camera_1.jpg -1.7984,0.0135,2.9147,617.1000,-2468.7340,39.9780
170427_223149575_Camera_1.jpg -1.7773,0.0314,2.9183,618.0350,-2458.5100,40.0760
