170427_222949577_Camera_2.jpg -1.8066,-0.0709,-1.1485,492.3130,-1879.9570,40.0680
170427_222950577_Camera_2.jpg -1.8074,-0.0670,-1.1470,482.3360,-1882.2140,40.0550
170427_222951577_Camera_2.jpg -1.8019,-0.0693,-1.1488,472.1050,-1884.5170,40.0610
170427_222952577_Camera_2.jpg -1.8059,-0.0712,-1.1528,461.6580,-1886.8400,40.0370
170427_222953577_Camera_2.jpg -1.8036,-0.0675,-1.1562,450.8340,-1889.2100,40.0000
170427_222954577_Camera_2.jpg -1.7985,-0.0668,-1.1620,439.6070,-1891.6110,39.9690
170427_222955577_Camera_2.jpg -1.8012,-0.0669,-1.1626,428.1290,-1894.0150,39.9310
170427_222956577_Camera_2.jpg -1.7979,-0.0687,-1.1608,416.5400,-1896.4480,39.9060
170427_222957577_Camera_2.jpg -1.8004,-0.0705,-1.1588,404.9080,-1898.9200,39.9040
170427_222958577_Camera_2.jpg -1.8063,-0.0714,-1.1660,393.2450,-1901.3650,39.9060
170427_222959577_Camera_2.jpg -1.8051,-0.0698,-1.1680,381.5400,-1903.7630,39.9220
170427_223000577_Camera_2.jpg -1.8070,-0.0717,-1.1629,369.8530,-1906.1710,39.9400
170427_223001577_Camera_2.jpg -1.8046,-0.0727,-1.1581,358.3320,-1908.6080,39.9760
170427_223002577_Camera_2.jpg -1.7985,-0.0720,-1.1540,347.1560,-1911.0330,40.0040
170427_223003577_Camera_2.jpg -1.8033,-0.0670,-1.1533,336.4010,-1913.4140,40.0450
170427_223004577_Camera_2.jpg -1.8030,-0.0641,-1.1624,326.0410,-1915.6490,40.0710
170427_223005577_Camera_2.jpg -1.8084,-0.0641,-1.1664,316.0060,-1917.7300,40.0960
170427_223006577_Camera_2.jpg -1.8032,-0.0667,-1.1638,305.9940,-1919.7930,40.1400
170427_223007577_Camera_2.jpg -1.7977,-0.0691,-1.1588,296.2370,-1921.8450,40.1610
170427_223008577_Camera_2.jpg -1.8030,-0.0672,-1.1539,286.8110,-1923.8810,40.1780
170427_223009577_Camera_2.jpg -1.8022,-0.0746,-1.1246,277.8980,-1925.8630,40.2120
170427_223010577_Camera_2.jpg -1.7988,-0.0979,-0.9720,270.0420,-1928.1480,40.2530
170427_223011577_Camera_2.jpg -1.8040,-0.0867,-0.6409,263.8500,-1931.6200,40.2750
170427_223012577_Camera_2.jpg -1.8120,-0.0756,-0.2868,259.5060,-1936.7830,40.2980
170427_223013577_Camera_2.jpg -1.8052,-0.0875,0.0227,257.0040,-1943.2450,40.3120
170427_223014577_Camera_2.jpg -1.8108,-0.0928,0.3107,256.5260,-1950.6310,40.2720
170427_223015577_Camera_2.jpg -1.8161,-0.0689,0.3863,257.7890,-1958.4640,40.3230
170427_223016577_Camera_2.jpg -1.8144,-0.0651,0.3754,259.3050,-1966.8470,40.3870
170427_223017577_Camera_2.jpg -1.8066,-0.0716,0.3576,260.7900,-1975.9260,40.4270
170427_223018577_Camera_2.jpg -1.8070,-0.0741,0.3655,262.3530,-1985.7250,40.3960
170427_223019577_Camera_2.jpg -1.8070,-0.0740,0.3677,264.0940,-1996.2080,40.3590
170427_223020577_Camera_2.jpg -1.8073,-0.0728,0.3683,265.9690,-2007.4210,40.3160
170427_223021577_Camera_2.jpg -1.8011,-0.0706,0.3720,267.9670,-2019.2500,40.2780
170427_223022577_Camera_2.jpg -1.8041,-0.0744,0.3760,270.0780,-2031.4740,40.2330
170427_223023577_Camera_2.jpg -1.8013,-0.0695,0.3748,272.2830,-2043.9850,40.1940
170427_223024577_Camera_2.jpg -1.8058,-0.0678,0.3672,274.4810,-2056.7760,40.2000
170427_223025576_Camera_2.jpg -1.8092,-0.0735,0.3669,276.6110,-2069.7900,40.2280
170427_223026576_Camera_2.jpg -1.8102,-0.0732,0.3716,278.7980,-2082.8590,40.2970
170427_223027576_Camera_2.jpg -1.8101,-0.0726,0.3742,281.0280,-2095.8500,40.3820
170427_223028576_Camera_2.jpg -1.8085,-0.0688,0.3679,283.2340,-2108.7220,40.4660
170427_223029576_Camera_2.jpg -1.8051,-0.0687,0.3609,285.3120,-2121.3830,40.5510
170427_223030576_Camera_2.jpg -1.8088,-0.0731,0.3606,287.2570,-2133.7130,40.6340
170427_223031576_Camera_2.jpg -1.8076,-0.0740,0.3645,289.1880,-2145.7190,40.7040
170427_223032576_Camera_2.jpg -1.8077,-0.0729,0.3696,291.1190,-2157.4180,40.7380
170427_223033576_Camera_2.jpg -1.8046,-0.0710,0.3748,293.0560,-2168.7490,40.7710
170427_223034576_Camera_2.jpg -1.8080,-0.0678,0.3798,295.0070,-2179.8230,40.7840
170427_223035576_Camera_2.jpg -1.7996,-0.0744,0.3805,297.0010,-2190.9190,40.7710
170427_223036576_Camera_2.jpg -1.7926,-0.0676,0.3674,298.9680,-2202.0850,40.7520
170427_223037576_Camera_2.jpg -1.7985,-0.0686,0.3628,300.7980,-2213.2940,40.6980
170427_223038576_Camera_2.jpg -1.7980,-0.0690,0.3630,302.6070,-2224.4560,40.6470
170427_223039576_Camera_2.jpg -1.8026,-0.0678,0.3641,304.4260,-2235.6360,40.6060
170427_223040576_Camera_2.jpg -1.8003,-0.0680,0.3665,306.2710,-2246.8580,40.5860
170427_223041576_Camera_2.jpg -1.8009,-0.0729,0.3682,308.1300,-2258.0200,40.5680
170427_223042576_Camera_2.jpg -1.8066,-0.0731,0.3691,309.9740,-2269.0290,40.5310
170427_223043576_Camera_2.jpg -1.7971,-0.0713,0.3670,311.8230,-2280.0660,40.5050
170427_223044576_Camera_2.jpg -1.8000,-0.0706,0.3668,313.6580,-2291.1060,40.4680
170427_223045576_Camera_2.jpg -1.7927,-0.0714,0.3671,315.4880,-2302.0860,40.4480
170427_223046576_Camera_2.jpg -1.8022,-0.0693,0.3654,317.3030,-2312.9910,40.4290
170427_223047576_Camera_2.jpg -1.8037,-0.0692,0.3751,319.1120,-2323.7750,40.4360
170427_223048576_Camera_2.jpg -1.8092,-0.0726,0.3752,320.9740,-2334.3110,40.4710
170427_223049576_Camera_2.jpg -1.8021,-0.0702,0.3606,322.7540,-2344.8390,40.4990
170427_223050576_Camera_2.jpg -1.8095,-0.0723,0.3612,324.4110,-2355.3720,40.5050
170427_223051576_Camera_2.jpg -1.8077,-0.0670,0.3708,326.2040,-2366.1980,40.5400
170427_223052576_Camera_2.jpg -1.8108,-0.0689,0.3717,328.1040,-2377.3580,40.5740
170427_223053576_Camera_2.jpg -1.8112,-0.0729,0.3688,330.0570,-2388.9010,40.6000
170427_223054576_Camera_2.jpg -1.8077,-0.0696,0.3660,332.0530,-2400.8510,40.6290
170427_223055576_Camera_2.jpg -1.7990,-0.0685,0.3618,334.0750,-2413.1600,40.6610
170427_223056576_Camera_2.jpg -1.8050,-0.0668,0.3602,336.1070,-2425.7990,40.6680
170427_223057576_Camera_2.jpg -1.8023,-0.0714,0.3667,338.1970,-2438.8140,40.6490
170427_223058576_Camera_2.jpg -1.8006,-0.0736,0.3761,340.4510,-2452.0190,40.6330
170427_223059576_Camera_2.jpg -1.7981,-0.0685,0.3714,342.7630,-2465.1200,40.5880
170427_223100576_Camera_2.jpg -1.7962,-0.0706,0.3716,344.9870,-2478.1640,40.5280
170427_223101576_Camera_2.jpg -1.7980,-0.0679,0.3718,347.1940,-2490.9880,40.4590
170427_223102576_Camera_2.jpg -1.7920,-0.0730,0.3702,349.3510,-2503.5730,40.4050
170427_223103576_Camera_2.jpg -1.7978,-0.0691,0.3667,351.4400,-2515.9380,40.3020
170427_223104576_Camera_2.jpg -1.7939,-0.0701,0.3641,353.4420,-2528.0340,40.2390
170427_223105576_Camera_2.jpg -1.7975,-0.0686,0.3638,355.3650,-2539.8090,40.1680
170427_223106576_Camera_2.jpg -1.7982,-0.0698,0.3648,357.1880,-2550.9690,40.1190
170427_223107576_Camera_2.jpg -1.7937,-0.0689,0.3633,358.8990,-2561.3740,40.0870
170427_223108576_Camera_2.jpg -1.7918,-0.0716,0.3606,360.4530,-2570.9550,40.0480
170427_223109576_Camera_2.jpg -1.7945,-0.0631,0.3574,361.8470,-2579.5690,40.0240
170427_223110576_Camera_2.jpg -1.8019,-0.0697,0.3696,363.0260,-2587.0510,40.0260
170427_223111576_Camera_2.jpg -1.8062,-0.0768,0.4581,364.2050,-2593.2450,40.0480
170427_223112576_Camera_2.jpg -1.8020,-0.0794,0.6735,365.9250,-2598.3820,40.1160
170427_223113576_Camera_2.jpg -1.8246,-0.0654,0.9238,368.7000,-2602.7710,40.1380
170427_223114576_Camera_2.jpg -1.8135,-0.0706,1.2001,372.6380,-2606.4890,40.2410
170427_223115576_Camera_2.jpg -1.8131,-0.0573,1.4986,377.7220,-2608.9260,40.2830
170427_223116576_Camera_2.jpg -1.8097,-0.0824,1.7331,383.8220,-2610.0720,40.3050
170427_223117576_Camera_2.jpg -1.8155,-0.0801,1.9035,390.7490,-2609.8420,40.3240
170427_223118576_Camera_2.jpg -1.8121,-0.0685,1.9916,398.3290,-2608.4560,40.3450
170427_223119576_Camera_2.jpg -1.8103,-0.0667,1.9953,406.6380,-2606.5690,40.3830
170427_223120576_Camera_2.jpg -1.8059,-0.0623,1.9483,415.6550,-2604.6750,40.4310
170427_223121576_Camera_2.jpg -1.8083,-0.0659,1.9007,425.3130,-2603.1800,40.4540
170427_223122576_Camera_2.jpg -1.8075,-0.0751,1.9122,435.7530,-2601.8650,40.4590
170427_223123576_Camera_2.jpg -1.8029,-0.0709,1.9349,446.7320,-2600.1800,40.4640
170427_223124576_Camera_2.jpg -1.8053,-0.0757,1.9543,458.1990,-2598.2310,40.4530
170427_223125576_Camera_2.jpg -1.8053,-0.0701,1.9518,469.9800,-2596.0470,40.4190
170427_223126576_Camera_2.jpg -1.7998,-0.0717,1.9479,482.0680,-2593.9040,40.3760
170427_223127576_Camera_2.jpg -1.7833,-0.0813,1.9500,494.2070,-2591.7620,40.3590
170427_223128576_Camera_2.jpg -1.7903,-0.0751,1.9451,506.1320,-2589.6230,40.2710
170427_223129575_Camera_2.jpg -1.7918,-0.0790,1.9458,517.8930,-2587.5870,40.1930
170427_223130575_Camera_2.jpg -1.8025,-0.0729,1.9488,529.6620,-2585.4970,40.0930
170427_223131575_Camera_2.jpg -1.7955,-0.0718,1.9415,541.5570,-2583.4230,40.0090
170427_223132575_Camera_2.jpg -1.7905,-0.0781,1.9488,553.4500,-2581.3750,39.9480
170427_223133575_Camera_2.jpg -1.7883,-0.0769,1.9571,564.5520,-2579.3560,39.8890
170427_223134575_Camera_2.jpg -1.7895,-0.0696,1.9644,574.1820,-2577.5180,39.8340
170427_223135575_Camera_2.jpg -1.8024,-0.0853,2.0297,582.2640,-2575.8480,39.7750
170427_223136575_Camera_2.jpg -1.7920,-0.0743,2.2368,589.5460,-2573.3630,39.7530
170427_223137575_Camera_2.jpg -1.7956,-0.0846,2.4990,596.0020,-2569.2930,39.6730
170427_223138575_Camera_2.jpg -1.8070,-0.0904,2.7866,601.3550,-2563.3780,39.5910
170427_223139575_Camera_2.jpg -1.8030,-0.0913,3.0946,604.8270,-2555.7740,39.5710
170427_223140575_Camera_2.jpg -1.8088,-0.0749,-3.1162,606.6140,-2547.2460,39.5530
170427_223141575_Camera_2.jpg -1.8009,-0.0691,-3.0959,608.1260,-2538.1980,39.5310
170427_223142575_Camera_2.jpg -1.8048,-0.0717,-3.0985,609.6080,-2528.8380,39.5070
170427_223143575_Camera_2.jpg -1.8135,-0.0790,-3.1022,611.2160,-2519.3420,39.5380
170427_223144575_Camera_2.jpg -1.8174,-0.0760,-3.0800,612.7580,-2509.4550,39.6000
170427_223145575_Camera_2.jpg -1.8236,-0.0840,-3.0754,614.2060,-2499.2850,39.6640
170427_223146575_Camera_2.jpg -1.8115,-0.0770,-3.0656,615.5710,-2489.0620,39.7910
170427_223147575_Camera_2.jpg -1.8131,-0.0790,-3.0537,616.8270,-2478.9130,39.8720
170427_223148575_Camera_2.jpg -1.8194,-0.0786,-3.0347,617.9340,-2468.8230,39.9510
170427_223149575_Camera_2.jpg -1.7936,-0.0687,-3.0335,618.8690,-2458.5960,40.0620
